#Jason
16.6 1.99
21.5 4.0
24.8 6.2
27.6 6.4
31.1 6.4
34.7 8.6
37.3 10.6
39.3 14.9
40.5 21.2
41.3 23.5
41.3 27.5
41.8 29.9
44.3 33.3
44.6 37.3
42.4 43.1
41.0 46.5
39.8 48.2
37.8 50.8
36.5 53.9
36.0 58.6
35.7 62.2
34.4 65.0
32.3 66.0
30.6 66.5
27.1 67.2
24.8 67.6
21.9 68.1
19.5 67.7
15.3 67.3
12.5 66.2
10.0 65.4
7.0 64.0
5.1 62.5
2.6 61.5
-1.2 60.9
-2.5 59.6
-5.4 56.9
-7.8 53.3
-10.9 50.2
-12.5 47.1
-13.6 41.2
-14.1 36.8
-13.6 33.0
-12.9 30.7
-12.7 28.
-14.2 24.4
-15.0 21.7
-13.8 18.8
-11.2 17.3
-9.6 15.8
-7.3 15.1
-5.0 13.6
-4.0 11.5
-4.6 10.4
-5.0 8.0
-5.2 5.2
-3.8 2.6
-0.7 1.4
1.6 358.
3.8 356.6
6.6 355.3
7.9 354.9
10.1 355.5
13.2 357.0
14.4 358.8
16.2 0.98
#near -8,22
-13.4 21.8
-12.3 19.3
-10.6 18.1
-8.7 17.4
-7.5 17.4
-5.9 17.6
-4.5 18.9
-3.5 20.0
-2.5 21.1
-1.9 22.7
-2.1 24.4
-4.5 25.91
-5.7 27.1
-6.9 27.7
-8.5 27.4
-9.5 27.4
-10.4 26.5
-10.68 25.8
-11.1 25.2
-11.66 24.2
-12.1 23.36
-12.47 22.9
-13.1 22.0
#near8.3,2.1
9.7 355.4
11.7 356.3
13.0 357.5
14.8 359.5
15.4 0.9
15.1 2.7
14.4 4.3
13.2 5.5
12.3 6.5
11.2 7.3
9.0 8.1
7.4 8.9
5.7 9.0
4.2 8.5
3.4 8.4
2.3 7.3
1.7 5.4
1.3 3.1
1.4 1.3
2.1 359.8
3.3 358.3
4.3 357.0
5.9 356.0
7.3 355.6
8.4 355.3
#near 31,14
30.0 7.1
33.6 8.0
35.4 9.9
37.3 12.2
37.6 14.1
35.7 21.0
34.7 23.1
32.8 23.3
30.2 21.1
28.2 19.7
25.4 18.6
23.3 16.6
22.9 14.1
23.6 12.5
24.3 10.6
26.7 8.5
28.7 7.9
#near south pole
-76.3 85.5
-78.8 94.3
-82.0 113.6
-83.7 114.7
-82.7 169.9
-81.2 172.6
-81.5 180.
-91 180.
-91 180.001
-81.5 180.001
-81.7 187.7
-80.6 204.6
-78.3 215.5
-75.3 220.5
-72.6 221.3
-70.7 221.6
-68.6 220.1
-66.3 220.1
-64.7 221.7
-62.8 222.1
-59.7 225.3
-58.5 227.6
-57.3 233.3
-56.7 239.2
-55.98 243.5
-55.0 248.8
-53.5 252.5
-54.9 258.0
-56.2 266.6
-56.1 272.6
-53.7 277.0
-54.0 281.5
-54.1 286.3
-54.4 290.8
-56.4 296.7
-56.4 304.6
-54.2 314.1
-52.5 321.2
-52.3 326.5
-50.4 332.9
-48.6 339.
-48.6 344.6
-49.8 348.6
-52.3 351.6
-54.0 355.73
-54.8 358.2
-55.2 0.1
-56.7 3.5
-56.8 6.5
-56.6 9.4
-55.8 14.0
-56. 17.5
-57.4 20.7
-60.7 22.3
-63.0 25.3
-64.4 27.8
-65.9 32.5
-66.3 37.9
-67.3 38.5
-69.3 43.6
-71.6 48.6
-73.3 53.5
-73.6 63.6
-73.7 68.7
-74.9 79.9
